RANDOM INSTANCE STABLE MARIAGE
N     50
MEN'S PREFERENCES
  19    5   30   32    4   45   10   11   25   21   27   16   12   40   24    9   46   37    7    2   35   36   22   23   44    1   26   14   38   17   31   15   29   33   47   49   42    6    3   39   41   13   34   43   18   28   20    0   48    8 
  45   38    5   24   46    0    7    1   25   21   28    6   49    2   27   14   11   10   15   12   35   36   42   47    9    4   16   30   41   20   31   48   29   33   43   26   32   44   23   39   40   19   22    3   37   34   17   13   18    8 
   2   42   24   45   26   35   44   32   30   40    0   27   13    7   47   33   48    9   15   12   46   23   16   34   43   10   14   28    4   25    8   11    5   41   29   38   22   21   36   39   37   19   20    3    1   49   17   31   18    6 
  20   24   41    5    6    2   19   32   13   31   39   26   40    1   10   15   42   47   18   46   23   30   16   34   43    7   45    3   44   25    8    4   33   14   29   17    0    9   36   22   35   11   38   49   48   37   12   27   21   28 
  35    0   31    3   41   16   21   43    1   33   44   17   26   19    5   30   39   47   49   15   23   13    6    4   12   24    7   27   40   42    2   36   25   28   29   45   48    9    8   22   11   46   38   34   18   37   20   14   32   10 
  29    4   31   21    3   41    0   30    1   35   33   25   49   14   42   18   36   20   38   37   43   13   39    9   12   22    7   32    5   17   46   15   24   28   45   19   48    2    8   44    6   26   16   34   23   27   10   47   11   40 
  44   24   31    0    8   38   23    4   12    1   49    9   17   32   34   36   11   20   19    3   47   14   48   29   37   46    7   25   21   40   22   18   26   28   13   45   33   15   27   43    6   39   16   30    5   35   10   42   41    2 
  26    1   43   12   10   33   23   38   35   14   49    7   32   40   34   36   11    2   19    6   30   27    8   37   28   46   24   25   22    4    9   41   13   47   16   48   21   15   20    3   18    5   45   31   42   44   29   17   39    0 
  49   14   43    7   41   33   15   20   21    5   22   10   23   35   11   36   30    2   19   28   31   27   46   37   40   39   45   38    0   16   13   17   44   47    4   48    1    6   32   25    9    3   26   18   42   34   29   12   24    8 
  25   13   17   14   39   24   19   49   27   32   35   31    7   37   33   10   30   46   21   26   16    3   23   11   20   41   45   38   40   29   18    5   12   47    0   42   34   22   15    6    9   36    4   28   48   44    1   43    8    2 
  32   48   49   25   46   30   43    9   47    7   42    2   17    1   31   34   22   21   24   40   16   19   23   12   37   28   45   20   11   29   39   13   10    0   27    8   36   26   15   33    5   35    4   41   18    3   44   14    6   38 
  13   36   11   44   35   27   42    9    2   12   34   29    6   25    8   15   46   21   47   30    1   19    5   10   41   48    3   20   24   37   26   33   22    0   45   31   18   16    4   14   28   32   17    7   40   39   23   49   43   38 
  15    7   22   17   27   34    3   43   18   35   10   42   49   24   39   28   14   44    9   11   13   19    5   12   32   33   45    1   46   25   29   20   40    0   37   31   21    6   47   16   41    2    8   30   36    4   48   26   23   38 
  35   26   39    5   16    4   30   48   10   32   19   42    0   24   29   28   38   36    9   22   25   46   37   31   40   33    3   43    8   45   21   20   11   13    1    2   15   14   44   47    6   41   17   27   12   18    7   34   23   49 
  43   32   22    4   48   12   30   17   40   31   16    5   18    7   29    2   13    1   28    6   10   24   37   36   19   38    3   33   20   45    0    9   11   34   35   14   39   26    8   47   41   27   25   15   44   21   46   49   23   42 
  43    0   42   23   22   45   19   17   27   15   26    5   44   25   21   37   13   11   12   35   32   16   36   47    4   46    3   24   38   49    1    9   28   34    2   14   39   33   20   30    7    8   29   48    6   31   41   40   10   18 
  48   17   42   30   44   14   46   45   37   12   11   10   43   25   35    6    4   19   15   18   32   27   29    7   16   47   33   26   38   49   31    9    8   22   24    0   21    3    5   28    1   23   40   34   13    2   41   36   20   39 
  48   43   12   44   20   32   40   16   26   31   11   10   39   21   36    1    6   41   25   29   14   23    5   37   13   47    8   45   46   49   42    9   24    4   27   35   17   30    2   28   33   15    7    3   18   34   38   22    0   19 
  20   43   13   19   44   31   32    7   27    1    5    9   39   29   14   10    6   41   36   15   28   23   25   37   45   16   40   22   24   49   12   17   42    8   38    0   34   18   30   11   35   33    3   46    2   48   26   47    4   21 
  13   35   37   19    6   22    8   21   15   31   10   24   48   29   49   41    1    2   14   25   34   23   27    3   20   18   45   28   42    9   33   39   40    4   30    0   16   44   17   38   36   47   12   46   43   11   26   32    5    7 
  22    1   44   19    9   11   16   17   39   30   38   24   48    5   28   20   46    6   10    8   25   42    7   45   36   31   13   49   12   41   26   18   40   33   14   35   23   37   34   15   21   47    0    3   43    4   29   32    2   27 
  41   19    8   46   45   12   15   34   39   31   38   25   13   32   30   20   42   44    7   10   16   47   35    9   26   21   17    3   11   23   29    2   14    0   28   40   48   37   24    6   22   18   33   27   43    1   49    5   36    4 
  43   19   20    3    4   18   15   28   10   31   49   46   35   41   27   14   40   32    1   48   11   39   23   37   25    8   21    2    6   38   29    7   33   12   17   42   45    9    0   30   16   22   34   44   26   47    5   13   24   36 
  34    1   37   13   27   40   15   19   18    9   30   22   25   12    4   49   35   32   47    3   36   44   16   29   20   38   45    7    6   41   39    8   26   21   33   42   43    2   46   24   23    5   10   14   17    0   28   11   31   48 
  33   26   37   41   48    6   15   19    8    1   30   22   23    0   16    5   10   11   49   27   21   39   45   29    3   46   40    7   25   32   17   36   14   34   42    4   44   35   13    2   38   47   24   20   18    9   43   12   31   28 
  32   24   37   21    8   41   48   23    9   13    2   43   42   34   27   19   36   11   49   20    1   25   45   29   14    3    5   31    6   44   40   15    0   46   47   18    7   35   22   30   38   33   10    4   39   16   17   12   26   28 
  16   36   46   26    2   24   17   19   42   44    8    7   45   47   40   13   22   11   49   20    6   34   28    3   29   31   43    9   14   25   48   38   33   30   12    4    5   15   37   21   27   18   35    0   10   32    1   39   23   41 
  31   47    9   43   38   13   17   19    4   12    8   21   45   37   36   39   22   49   28   20   48   34   15    6   29   46    0   25    3   23    7   10   33   16   26   24   14   41   35    5   44   42   30   18   11   27   40    1    2   32 
   4   41   27   24   44   13   17   19   37   12    8   16   32   46   29    7   22   20    1   25   49   10   14    5   48   47   36   15   45   23   18    2   21   38    9   40   11   43   39   35   28    0   26    3   33    6   42   31   34   30 
  19   35   28   15   36   16   37   47   49   31    2   33    6   46   20   30   25   23    1   17   42    0   40   44   48   10   14   24    7    4   38    8   43    3   41    9   45   12   29    5   27   11   39   22   21   32   34   18   13   26 
  34   26   47   48    2   16   35   28   17   31   10   43   42   36   38   41   25   49    1   19    6   29   40   44   20    0   14    9   46   30    3   22   33   13   37   45   39   11   15    5   27   32   24    8    4   21   23   18    7   12 
  34   26   48    7   38   31   25   28   27   17   10   47   19   36    5   42    3   35   44   18   30    8    4   41   15    0   21   16   46    1   49   22   33   23    2   14   39   37   40   24   29    9   32   12    6   20   13   11   45   43 
  34   39   30    7   17   29   31   28   25   48    0   19   47   44    4   27   41   21   18   23   49   12    9   36   15   11    1   43    3   14    5   42   20   16    2   33   22   37   40   10   45   46   38   26    6    8   35   32   24   13 
  36    1   39   14   11   16   19    5   25   17   28   18    8    2   46   27   22    7   49   48   32   21    9    3   15   42    4   37   31   24   41   23   34   35   44   38   30   10   40   20   29    6   12   26   43    0   47   45   33   13 
  20   12   39   36   22   42   31   41    3   40   26   16   19   34   46    5   21   14   49   44   10   27    9   18   15   24   28   37    4    1    2   30   25   48   11   29   23   38   13   45    8   35    0   17    6   32   33    7   47   43 
  41   45   11   14   22   26    1   24   28   29   12   16   40   19   38    5    2    3   36   13   33   31   35   21    8   27   49   37    4   23   18   30   44   32   42   46   39    9   48    0   15   17   20    7   43   34   10   25   47    6 
  41   36    4   10   33    5   45   23   28   34   12   16   40   14   11   20   15   26   47   29   38   27   32   21    6   43   19    8    1   48   17   30   44   35    3    7   13   24    2   22   49   42   31   46   39   25    9    0   37   18 
  41    7   40   20   33   14   29   31   32   34    1   16   48   21    6   24   36   44   19   11   38    9   17   26    0    8   27   10   12    5   23   46   35   28   13   39   37   22    2   25   49   42    4    3   43   30   47   15   45   18 
  37   23   18   11   33   14   20   12   32   34    1   43   31   49    0   10   15   44    3    7   38   48    8   22   35    9   24    5   16   26   19   21   27   28   41    6   17   30   39   25   46   13    4   36   42    2   47   40   45   29 
  18   43   16   20   31    6   23   41   26   46    1    2   45   17   35   39   34   22    3   49   15   29   30   37    7   14   24   19   25   42   21   38   27   11   47    4   12    5    9    8   28   13   36    0   33   44   10   40   32   48 
  35   32   16   12   31   25   26   13   29   46    1    0    7   47   43   11   34   24   45   21   17   18   22   44   20   14   15   33    2   40   37   38   27    3   19    4   41   23    5   36   28    9   39   49    8   48   10    6   30   42 
  43   33   49   16   29   14   26   35    1   30   21    3   22   48   31    9   37   15    5    4   17   18    7   44   19   25   41   24    6   23   12   32   27   42   20   47    2   39   10   45   38   13   46   11    8   28   36   40   34    0 
  30   42   49   18   28   47   38   48    1   37   21    2   15   26   20   41   34   29    7   36   31   27   17   10   19   25    9   33   40    4   43   13   23   46   11    0   39   22   44   14    8    3    6   32    5   35   12   24   45   16 
  30   43   31   14    7    1    9    5   46   20   26   34   15   42   48   39   40   49   24   19   21    2   28   37   17   25   29    4   10   47   11   27   23   22   13    0   38   18   44   32   33   41   36   45    6   35   12    3    8   16 
  33   28   11   21   18   12    9    3   20    4   16    7   40   38   17   35   30   46   42   19   29   26    5    6   41   25   45   47   49   48   31   27   23    2   10   14   13   36   44   43   34    0   39    1   22   32   24   37    8   15 
  41   19   13   45   26   31    9   17    7    4   30   29   15   49   33   24   16   40   42   28   20   18   21   25    5   35   46   39   47   11   38   27   36   37   10   34    6   43   44   32   12   48    0    1    8   22   23    2    3   14 
  48   16   11   47   43   19   32   10   34   15   13    4   42   49   21    9   38   22    8   35    3   46   23   29    5   24   28   14   18   41   27    7   36   44    1   25   17   12   26    0   37   45   30   20   39   40    2   33    6   31 
   6   42   47    3   20    9   41   37   49   29    0   32   31   14    8   22    1   24   17   35   36   12    4   40   28   11   38   27    7   46   23   10   18   48   15   25   33   26   16   13   34   44   45    5   39   21    2   30   43   19 
  28   32   41   13   33    4   30   17   37   16   23   22   19    0    7   49   18   45   42   38   10   12    8   40   27    3   34    2   25   14   20   35   24   11   36   21   47   26   29    9   46    6   44   43   39    1    5   48   15   31 
  15   17   41   28   33   49   22   13   20   46   34   11   45   35   37   18   44   38   42    4    0   12    8   31   29   19   10   26    5   43   14   21   32    2   39   40   23   16   30    9   24    6   47    1    3   48   25    7   27   36 
WOMEN'S PREFERENCES
  24   10    6   27   42    8   18   19   29   31   21   49   16   15    2   44   40   47   46    4   17   23   34   20   41    9   26   13   36   38   14   43   32    3   28   12   11   45   30   35    0   37   33    1   48    5   25    7   22   39 
  24   27   45   19   15    8    3   32   21   26    5   48   49   29   23    7    6   37   42   34   40    1   25   38   46   14   47   36   28   11   16   43   30   12   22    4   18   31    9   35    0   39   33   10   13   17   44   41    2   20 
  41   37   28   21   45   10   47   44   48   32   49   18   34    5   30   24   17    9    2   42   12    8   25   15   22   29   13   36   31   19   20   38   23   33    7    4   40    6    3   43   16   39    0   27   46    1   26   35   11   14 
  10   40   21   37   36    1    0   24   15   32   38   41   49   17   46    4   33   34    5   23   39   27    7   12   16   47   25    2   45   30   22   29    3   28    8   18   19    9    6   44   20   13   31   43   14   48   26   35   11   42 
  33   44   20    1   37   18   22   45   15   10   43   42   48   29   41   24   47   40   11   23   32    2    7    6   16   49   36   21   39   30   31   27   38   17    3   25   34    9   12   28   35    5   13    0   14    4   46    8   26   19 
  43   11   20    1   30   45   31   39   15   22   35   44   42   29   21   32   18   40    2   34    4   10    3   49   23    8   48   14    9    6   26   13   38   41    0   25   27   17   37   19    7   24   28   12    5   36   46   47   33   16 
  45   39   33    1    5   26   18   47   16   43    7   14   19    9   13   32   35   31   11   28   21   29   27    4   30    8   15   10   12    6   25   23   42   41   22   24    3   37    0   20   40   44   34   17   48   38   46   49    2   36 
  14   45   38    8    5   15   18   44   11    6   27    7   22   16   19   26   17   35   41   21   40   43   28   48    9   46   32   30    3   10    2   23   33   12   20    4   31   34   24    1   37   47   13   42   39   29    0   49   25   36 
  37    6   21   31   42   45   17   48   11    7   38   14   44    0   47   26   15   35   19   40   13   39   25   46   32   27    8   43   41   33    2   23    5   12   20    9   10   34   22    1   18   36   28    3   29   24    4   49   16   30 
  37   11   21   49    5   15   31    6    7   45   42   25   44   34   41   26   39   35   18    1   13    4   32    2   30   28   36   48   43   33   22   14   38   46   20    9   16    0   19   40   23    8   17   27   29   24    3   47   10   12 
   4   11    1   34   39   15   31   41   42   45    8   32    2    6   18   26   43   23   22   13   28   37   20    7   40   44   36   49   25   16   19   27   48   10   46    9   17   38   47   14   24   21   29   33    5    0    3   30   35   12 
  15   14    2   38    3    4    0   32   23   19    5   27   25   11   20   48   26   43   39   46   22   13   42   31   40   44   37    9    7   29   17   47    8   18   28   45   41   12   21   34   24   49   10   33   16   36    6   30   35    1 
  36   10    7   49   48   40    6   32   34   19    5   30   25   24   14   12   44   43    2   46   21   13   35    4   28   39   15    9   23   45   20   11   47   18   31   38   37   17   16   26    1   22   29   27   42   41    0   33    8    3 
  48   40   18   11   41   12    6   32    4   19   45    3   16   20   14    2   24   36   39   29   21   38   31   44   17   49   26    9   23   47    5   46   33    7    1   30   37   28    0   15    8   43   10   22   42   34   25   13   35   27 
  33    1    0   11   15    6   22   25   38   42   45   30   32   13   26    3   29   36   41    5   21   43   35   16   39   44   18   34    9   23   31   46   28    7   27   37   19    2   24    4    8   14   10   17   48   49   47   20   40   12 
  19   16    6   36   18   29    3   10   26   15   37    7   32   46   49   11    2   41   12   33   17   28   25   39   23   27    4   34   14   38   35   13    8   24   31    5    0   48   43   40   22    9   42   45   20   21   47   44   30    1 
   6    5   34   36   42   13   15   33   19   38   18   39   32   46   14   44   12    3   31   37    9   26   25   21    0   43    4   24   28   29   30   22   45   16    8   35   27   20   41   49   40    2    7   47   48   23   10   11   17    1 
  18    7   20   39   42    4   37   35   16   40    1   44    8   22   47   23   45   32   27   13   36   15    2   38    0   43   48    6   19   24   28   25   30   33   29    9    3   46   26   34   41   31    5   21   49   17   10   11   14   12 
  18   15   11   39   48   28   34   25   17   16    1   22   24   32    2   23    7   36   41    9   46   13   26   31    4   37   49    5    0   30   14   44   43   19   38   33   29   27   47   10    3    8    6   20   12   45   35   21   42   40 
  42   14   39   36   28    8    0   18   46   16   15   30   34   33    1   45    7   41   21   48   17   43   32    6   47   22   12    4   49    2   10   24   11   19   38    5   29   27   26   23    3   25    9   20   13   37   35   31   44   40 
   6   15   11    9   44    7    0   21   24   12   14   37   13   33   25   40   17   41   36   35    2   38   48   30   20   22   16   43   32   10   42    8   28   29    1   46   19    4   26   23    3   31   34    5   49   18   45   47   27   39 
  47   35   45   24   28    7    0   19   11   16   12   37   17   40   44    5   18   13   14   29    3   41   30   15   20    2    6   36   46   31   42   25   10    9   43   32    4    8   49   23   38    1   34   21   26   22   33   27   48   39 
   3   32   43   10   16   38    1   12   18    9   44    0    6   11   27   19   40   46   13   28   42   41   30   21   14   33   49   23   34   31    5   25   15   22   29   37   47   20    4    2    7   35   36   45   39    8   48   26   17   24 
  49   40    5   23    4   34   32   18   21    9    6   42   14   30   38   19   17   36   24   33   47   37   12   46   39    0   45   35   29   20   27   41   15   22    3   44   11   31   26    2   10    7   13   28    1   43   48    8   25   16 
   2   40   28   25   16    7   19   17   49    1   36   43   48   33   30    5   26   14   47   34   23   22   12   35   10    0   42   39   29   20   27   41   37   45    8   44   31   32   21    6   13   46    3   38    4   15   18   24    9   11 
  32   45   23   21   16   12    0   17   49   10    1   47   37   38   20    5   26    7   19   43   35    4   18    8   28    6   46   11   15   30   33   41    2   36   14   44   40   29   25   34   48    3   31   27   22   42   24   13    9   39 
  39   17   33   16   15   25   44   46   19    7    1   24   32    3   45   34   48   12   18   27   47    4   23    8   10   37   38   49   20    5   41   11   28    9   14   29   40    2    6   43   21   35   31   13    0   42   30   26   36   22 
   8   25   36   29   31   23   27    1    2   46   16   11   43    3   14   34   17   12   18   30   44   47    5   39   24   35    4   15   10    0   21   33   28   38   22   32   13   19   45    7   49   26   41    9   48   42   20   37    6   40 
  43   35   36   15    2   34   48    1   49   31   16   37   44   47   14    3    7   11    4   25   40   18   17   39   45   24   12    8   23   46   26   21   27   38   29   32   13   10    6    9   19   42    0    5   22   28   30   41   33   20 
   5   27   36   34   11   41   21    0   49   47   38   25    8   46   29   23   42   12    4   16   13   40   20   39   17   15   48   24   22   31   26   37   32    3   30    7    1   10    6    9    2   45   14   19   18   43   35   28   33   44 
  22   10   46    3   49   42   37   12   34    9   23   44    8   36   19   38    2   27   29   39   14   13   43   30   26   11   15    5   40   17    4   45   18   35   31    7    1   32    6   41   20   33   24   47   16   28    0   21   48   25 
  36   13   48    3   11   19   14   12   23   42   39   28   21   15   44   17    5   10   41   20   29    9   43    6   37    8   49   27   24   38    7   45   46   32   30    4   16   35   40   26    2   33   22   47   34   25    0   31    1   18 
   6   42    4    1   41   46   27   33   38   28   10   30   34   39   14   32   15    9   45   31    0   18   37   25   36    8   16   44   48   23   13    5   21   47    7    3   49   20   26   35    2   24   22   40   17   43   29   19   12   11 
  22   41   35   49   29    0   43   31    1   15    8   46   34   33   16   19   32    2   45   21   10   42   38   13   14    9   25   20   48   23   27   39   47    7   11   17   26   18   30   36   44    3   28    4   24   40    5    6   12   37 
  35   44    8   36   12   41   39   18   13   46    7   28   34   29   14   49   16   48   25    4   10   23   38    1    0   21   45    3   22    2   17   43   15   33   19   27   47   26   32   11   24   31   30   37   20    5   40    6   42    9 
  18    0   44   36   46   41   39   34   10   49   26   17   13    4   20   33   16   12   25    5    2   31   32    7   42   21   47   15   30   40   29   43   48   28    1   27   24   19   14    8   11   23    3   22   38   35   37    6   45    9 
   1   31   44    2   18   41   27   11   43   49   40   17   26    4   45   33   23    3   25   15    6   22   16   37   24   34   14   29   12   10   35   39   48   20    5   46    0   42   30   36   28   32   21    9   38    7   47   19   13    8 
  38   12   16    2   15   44   36   11   37   49   27   28   26   24   32   33    8    7   21    9    0   42   23   45   18   34   10   13    6   31   35   30   48   19   22   43   46   17   39    1   14   40   41   29    5   20   47    3    4   25 
  42   18   32   30   15   36    1   39   10   20   47   26   13    5   38    7    8   46   43   34    6    9   12   31   11   25   37    0   28   14   27   44   48   40   22   33    2   17   21   49   35   16   19    4   23   29   45   41    3   24 
  22   18   28   11   15   32    1   44   10   39   47   25   41   33   38   17   45   46    9   23   13    8    7   16    5   43   48    0   27    6   31   37   20   40   30   14    2   21   49   42   19   29   35    4   26   36   34    3   12   24 
  42   21   28   26   44   40    1   13   35   31   15    9   41   39   19   17   45   22   11   30   14   29   18   33   16   47   32    2   37    6   25    4   20   46   27   24    5    7    3   10   38    0   23   48   49   12   43   36    8   34 
  19    1   28   20   44   12   14   36   30   48   15   47   39   43   42    5   23   11   27   13    7   33   37   45   21   29   18   35    0    6   34   26   24    9   46    8   31   22   10   38   40    4   17   32   49    2   25    3   41   16 
  17    3   40   20   43   33   14    9   32    6   28   35   39   27   19    5   21   16    1   47   29    7    4   46   31    2   24   34    0   15   10   30   12   37   23    8   22   44   49   45   36   42   18   48   38   11   26   25   41   13 
  22   44   24   10   39   38   17   14   47    6   28   33   11    8   18   49    0   35    1   45   43   36    7   30   31   20   27   41   48   15    4   23   12   37   19   25    9   32   34   16    3    5   42    2   46   21   26   40   29   13 
  48   33   41   46   14   49   27   26    3   36    9   21   11    6   44   10   39    7   43    4   23   24    2   30   31   37   12   13    5    8   19   34   45   15   28    0   18   38   40   20   17    1   42   47   22   25   29   32   35   16 
  12   26   41   39   37   17   14    8    2   30   20   11   40    5    3   10   32   31   33   47   23    0   44    6   48   29   46   13   35    9   21    4   45   16   38   28   36   34   15   25   18   19    7   27   22    1   49   42   24   43 
   2   43   25   39   26   17   49   15   18    7   42   36   31   11   23   10   40   38   24   22   33   30   14   35    6   32   46   44   21   29    3    4    9   16   13   28    5   34   37   47    0   19   48   27    8    1   45   41   20   12 
  47   19    9   39   10    6   32   41   34    3   42    7   37   46   26   27   28   20   12   43   31    8   40   14   22   38   21    0   23   49    5   35   15   16   13   18   36    2    1    4   44   17   24   48   25   45   30   29   33   11 
  48   26   12   18   11    4   44   19   33    8   35   14    9   46   30   37   28   13    5   22   31    6   16    0    7   36   21   10   41    1    3   17   15   27   20   24   25   42   29   40   32   23    2   47   39   38   45   34   43   49 
   0   14   33   26   25    4   44   49   30    2    1   39   36   45   22    6   21    9   16   40    8   29   48   28   31   12   46   10    7   19    3   17   37   24   20   27    5   41   47   38   18   34   23   15   11   35   32   42   43   13 
<Generated by Adriana C. F. Alvim, 2019>